# Формат: x y magnitude [label]
124.92 129.26 1.73 A1
104.41 130.63 1.84 A2
148.62 98.06 1.48 A3
128.2 120.24 1.95 A4
121.98 116.17 1.92 A5
129.49 106.09 0.96 A6
119.73 88.68 1.41 A7
136.51 114.83 1.77 A8
149.96 123.89 1.52 A9
93.21 88.92 1.97 A10
-165.09 -60.06 2.79 B1
-132.51 -66.38 1.64 B2
-168.01 -55.91 1.01 B3
-148.27 -53.7 1.79 B4
-172.02 -67.29 1.07 B5
-123.91 -22.68 2.12 B6
-176.33 -64.57 1.24 B7
-162.84 -70.97 1.55 B8
-170.8 -61.5 2.31 B9
197.05 -131.86 2.9 C1
202.73 -110.04 2.77 C2
169.92 -131.32 2.95 C3
219.64 -157.23 4.18 C4
166.04 -127.04 3.11 C5
187.07 -102.78 3.76 C6
176.42 -130.35 3.53 C7
167.35 -158.88 3.5 C8
114.75 -13.43 2.69 X1
3.47 -86.19 4.51 X2
230.88 -6.51 1.08 X3
-51.45 109.1 2.3 X4
-197.22 -113.31 3.85 X5
61.01 -76.98 3.49 X6